%YAML:1.0
width: 56
height: 48
detector: [ 3.8559561522e-01, -4.2229737702e-01, -3.8394538067e-01, -1.2615437168e+00, 3.7713866536e-01, 3.8983371437e-01, -3.2698882099e-01, -2.5489143106e-01, 3.8096462170e-01, 6.6214212246e-01, -5.8768596252e-01, 3.2681739767e-01, 8.2200257473e-01, -2.1134497218e-01, -6.7948977051e-01, 5.8794203165e-03, 1.1484015048e-01, 1.5286431470e-01, -9.1149436125e-01, 2.7460271269e-01, 8.6666840314e-02, 1.6909992600e-03, -3.5639713499e-01, 9.4413042959e-02, 5.0665960659e-01, 5.0787305205e-03, 6.0552825731e-01, 6.2876892090e-02, 1.1392565378e+00, -9.4894045978e-02, 4.7452638303e-01, -5.5268876594e-01, 1.8628069717e-01, 1.5469780259e-01, -4.9727005509e-01, -5.6221681096e-01, -6.6297799936e-01, 7.0945131360e-02, -1.6972305896e-01, -8.4769474512e-01, 8.6834770886e-01, 5.6151943366e-01, -7.4769198000e-01, 1.8583307757e-01, -2.9531432244e-03, 5.9379723804e-01, 4.4184704556e-01, -1.7307215724e-01, 3.1883751980e-01, -3.4252345582e-01, -1.3369563379e-01, 1.5632104681e-01, -1.0798397310e-01, -2.7331340245e-01, -2.5608103506e-02, 4.4970423998e-02, 7.1792767426e-01, -1.2244812005e+00, -3.7769431219e-01, 6.9358895822e-01, -1.7075800938e-01, 3.3048934833e-01, 3.3859280232e-01, 7.0129744457e-02, -7.0655665310e-02, 3.5525493205e-01, 1.6117783905e-01, 7.1972742684e-02, 4.4349463230e-02, -2.2427945332e-01, 3.5754530847e-02, -7.4261659741e-01, -2.6571906649e-02, 5.1383373165e-01, 1.0473133249e+00, -1.1780367323e+00, 7.4396136242e-01, 6.0193812413e-01, -5.1619886440e-01, 3.2019885314e-01, 4.2350267121e-02, 2.6021277506e-01, 1.1691274736e+00, 1.4201086111e-01, 2.6432236332e-02, 8.4468350016e-02, 3.8974425108e-01, 9.4476733233e-01, -2.2149632082e-01, 1.8315692345e-01, -5.8339439643e-02, 4.2438664427e-01, 2.2854178720e-01, -5.3092303092e-01, -2.4503180558e-01, -1.8898955628e-01, 3.2744703449e-01, 6.3062317343e-01, 5.4925979738e-01, 4.7761657025e-01, -1.4440724046e-01, 4.8323137710e-01, -4.6802484043e-02, -3.0840964311e-01, 2.2242009115e-01, -4.2111523724e-01, -2.8253098202e-01, 4.2629684282e-01, 1.1978948048e-01, 6.2314050833e-01, 2.0834482511e-01, -9.1088519132e-01, 7.5354634561e-01, -5.9335191566e-01, 1.2225075173e-01, 1.0234664442e+00, 7.9996389694e-02, 1.2811490616e-01, 9.0895176537e-02, 4.6174652656e-01, -5.1669009336e-01, 2.1484670949e-01, 9.3523649818e-01, 5.2632999492e-02, -4.5277790291e-01, -7.1689707561e-02, 2.7638554067e-01, -2.1379435696e-03, 6.4435943402e-01, 9.1527779547e-01, 6.4034686329e-01, 7.8887056502e-01, 2.8244620068e-01, 3.5598907533e-01, -8.3073473313e-02, 6.8935193592e-01, 4.0728568159e-01, 1.6134100134e-01, 3.9480642472e-01, 1.4043292806e-01, -1.4964498443e-01, 1.2736107163e-01, 1.6815202320e-01, 1.7798196875e+00, 6.9396005150e-01, -1.3608024115e-01, -5.8442728343e-02, -6.8372365993e-01, 4.0290536423e-01, -1.0964109101e+00, 3.2173584787e-01, 3.9631666167e-01, 3.9666626128e-02, -3.2423211592e-01, -5.7595133932e-01, 9.4326258319e-01, -1.2801057813e+00, 6.3294343753e-01, 4.4754254620e-01, -2.5587005972e-01, -1.2885202689e+00, -5.7412783648e-01, 4.1486113546e-01, 7.1728869642e-02, 2.6946415788e-01, 9.0527840765e-01, -9.7294728798e-01, 6.0511242264e-01, -2.2864579877e-01, 1.0898274290e-01, -7.6482068607e-01, 1.0790732344e-01, 4.1737342606e-01, 1.1826869523e-01, 7.7569610188e-01, -1.3225416685e+00, 7.8099547864e-01, 3.6368584815e-01, 6.9121632389e-02, 9.7291451181e-01, 3.8092899559e-01, -6.0716547393e-01, -4.0595044341e-01, -3.6307496977e-01, -2.7182860237e-02, -1.1822325383e-01, 1.0438052731e-01, 1.0230634717e-01, 3.0287848765e-01, 1.5342013686e-01, -8.5586791311e-01, -3.2879468057e-01, 4.0266924997e-01, 4.2781576656e-01, -8.5798078391e-01, 1.4587070305e-01, 5.1982395142e-01, 9.2616207675e-02, 9.4610366559e-02, 1.3262052263e-01, 2.0821225163e-01, 4.0507431820e-01, 3.4894309809e-02, 6.1377123547e-01, 3.3369793885e-01, 5.0451931707e-02, 8.2872666395e-01, 3.0687407892e-01, 4.7809865458e-01, -4.1705372344e-02, 8.4967018842e-01, -6.9000172120e-01, 8.8889810378e-01, 1.2969428743e-01, 1.6252635564e-01, -5.7060449192e-02, -2.5564625608e-01, 4.0068797511e-01, 2.3403770708e-01, 7.0928397583e-01, 3.0882298882e-01, -6.2046479766e-01, 1.5283616305e-01, -1.3675466492e-01, -2.2951919702e-02, 2.5228187829e-01, 6.6761284901e-01, -3.5428003016e-01, 6.0949403551e-03, 4.3598392204e-01, -2.2788889397e-01, -2.9817961053e-01, -6.4321485152e-01, 1.4427555787e-01, 1.1642050549e-01, -1.0360505101e+00, 7.9713540927e-02, -1.5742527416e+00, -4.4720559767e-01, 9.1037779610e-02, -6.2311270352e-01, -1.7746511103e-01, -4.4844315091e-02, 4.3068204199e-01, -1.3506121892e-02, 4.9588421790e-01, 3.9279008251e-01, -1.2700294323e+00, 1.6098199848e-01, -4.5391318203e-01, 8.4754231116e-01, -3.8433219474e-01, -6.0907869137e-01, 3.0371829087e-01, 2.5795340068e-01, 6.6999238779e-01, 7.8954721685e-01, -5.2479087185e-01, 4.0337104655e-01, 1.2957993473e-01, 1.6891095398e-02, 4.4533362607e-02, 1.2825260957e+00, -2.2434794611e-01, 3.4082314108e-01, 3.9893509904e-01, -5.5621310337e-01, 3.0712880485e-01, 7.5076050129e-03, -1.2660965780e+00, -6.3783975341e-01, -7.9679797562e-01, 1.1339362216e-01, -8.2465826589e-01, -1.3018863346e-01, -1.4748547693e-01, -2.4302513662e-02, -2.3732960507e-03, -1.7861982142e-01, -4.6730149995e-02, 1.2151849152e-01, 1.9384587579e-01, 4.6831492229e-01, -1.0330467208e+00, 5.2000267296e-01, -4.9870602861e-01, 1.8236435142e-01, 2.1868211047e-01, 2.2242967061e-01, 1.2841453224e+00, -9.6861230857e-02, -1.6428739743e+00, 4.3079929478e-01, -3.4252706748e-01, 7.9143811865e-01, 6.7429194234e-01, -8.9182408616e-02, -4.1418867341e-01, -2.5359350915e-01, 5.5908917997e-01, 2.6564891378e-01, -1.7293362102e-01, 3.0648582803e-01, 6.5306220571e-01, -1.7273676348e-01, -1.2888028882e+00, 1.0127013320e-02, -2.8777190834e-01, 1.0667751815e-01, 5.3511401655e-01, 1.0450456484e+00, -5.1739158226e-01, -7.5983418084e-02, 2.8165636253e-01, 8.2340250498e-02, -1.1953040145e-01, 1.6727781238e-01, -8.4586869239e-01, 4.1125026849e-01, -1.1534151667e+00, 3.1579930103e-01, -3.7776563433e-01, -6.1702496367e-02, -2.1938591170e-01, 2.3231900056e-01, 2.8688031773e-01, -5.5794164464e-01, -2.0616195532e+00, 1.5161548459e+00, -6.3663628349e-01, 7.2880315084e-01, 1.2456226993e-01, -4.0370650952e-01, -6.2723158724e-03, 3.5976762961e-02, 1.2869384854e-01, -1.8559806643e+00, 9.8604719156e-01, 5.8646360913e-01, -7.0769072030e-01, -6.0950291387e-02, -8.0354424165e-01, 7.5463602256e-01, -1.8705037018e-02, 5.5710142810e-01, 1.2607387072e+00, -8.4070316322e-01, 4.4986708309e-01, 1.2924382554e-01, 8.6576321767e-01, 9.9475554241e-02, -6.0365486808e-01, -4.3712109248e-01, -1.1877592409e+00, 1.1004087300e+00, -2.1043994600e+00, 3.4725723219e-02, 5.2097765337e-02, -3.9176922898e-01, 1.9658988285e-01, 5.7689937161e-02, -2.3706335016e-01, -2.9661624078e-01, -1.2175432133e+00, 4.5427039869e-01, -7.2984343154e-01, -1.7330930455e-02, 3.3636016481e-01, -1.9201844288e-01, -3.3109861730e-01, 4.1220280433e-02, -3.4060425281e-01, 6.1110250903e-01, 5.8716998180e-01, -6.3164273230e-01, 7.1628871942e-02, 6.6084425900e-01, -1.5501340302e-01, 5.4448420501e-01, 5.2802035335e-02, -2.3951424545e-01, 7.0657132880e-01, -2.1822544189e-01, -6.5829287506e-02, 6.0010556601e-01, -7.8522737718e-01, 1.4485804438e+00, 3.3375154600e-01, -1.9772715830e-01, 3.9891454460e-01, 1.8602702552e-02, -5.0206961481e-01, 3.7835968773e-01, 1.9386498868e-01, -2.0384835274e-01, -4.4106498733e-01, 2.4292256228e-01, 5.2596637839e-01, 2.2694343144e-01, 1.0847652948e-01, 5.3657547416e-01, -2.2837035367e-01, 4.5789101451e-02, -5.3009276504e-02, -3.6556232636e-01, -6.6175532337e-01, 3.5727096765e-01, -8.5740288649e-01, 7.1036276617e-01, 5.1898520874e-01, -3.6586795452e-01, 1.9994279035e-01, -7.6974441576e-04, -3.5177903902e-03, -1.5095331235e-01, -7.3960267012e-01, -2.6368042671e-01, -3.3053606769e-02, -4.9395896288e-01, 3.9185068498e-01, -5.4898043342e-01, -4.0954403939e-01, 3.9134055052e-01, -1.2188224981e-01, 4.3932763370e-02, 2.7000611746e-01, 2.9966012001e-01, -8.0345287720e-01, 3.0557370412e-02, -2.8807862936e-01, -1.4268767510e-01, 