%YAML:1.0
width: 56
height: 48
detector: [ 2.0799544893e-01, -7.7879846987e-01, 3.4907530045e-01, -7.1870704298e-01, 7.8824230675e-01, -7.3000086653e-01, -1.3868303045e-01, -1.6580651203e-01, 8.5159322544e-01, 2.1119748324e-01, 3.3394039397e-01, 2.9844295395e-01, 1.0919865633e+00, -7.6506414919e-02, 4.8839325369e-01, 5.1031018625e-01, 4.7177630615e-01, 5.8840851883e-01, 4.4123725708e-01, -1.4630111557e-01, -1.3717360102e-01, 3.9812221528e-01, -3.2421509298e-01, 1.3017863514e+00, 2.7959204884e-01, 9.5948306497e-02, 9.1016146200e-01, 1.9841617157e-01, 1.4290413671e-01, 9.2578402134e-01, 5.7107703359e-01, -6.6178275799e-01, 3.4289803251e-01, 7.4672313744e-01, 3.5682115158e-01, -3.7743344315e-01, -6.6257122105e-02, 1.5881368385e+00, 7.6693512833e-01, -8.4278748621e-01, 1.9434226018e+00, -1.3883645104e+00, -8.5708666689e-01, -8.6878184396e-01, 4.0218854711e-01, 1.2049496001e+00, 3.9171091326e-01, 4.3515435119e-01, 1.0659568743e+00, -9.0229250336e-02, 1.0394723534e+00, 3.2795508023e-01, -4.1230204063e-01, -1.9859475129e-01, 1.1514725364e+00, 2.2480038383e-01, -8.8933023995e-01, 1.2425604931e-01, -3.5099477289e-01, 4.5649859304e-01, 1.8525477030e-01, 8.8570571503e-02, 2.9407279128e-01, 2.0112626526e-01, -6.0127122921e-01, 8.0259644206e-01, 4.2353337593e-01, -8.2719796473e-01, 4.1050628101e-01, 8.9153770371e-01, -1.1384912332e-02, 3.3294460746e-01, 1.0624335740e+00, 3.1798099964e+00, 1.1652669391e+00, -6.8473335772e-01, 1.8424141426e+00, -5.7006506780e-01, -1.5658093418e-02, 4.9457495442e-01, -8.3943419419e-01, 6.5903911079e-01, 8.8399131494e-01, -8.9255373120e-01, -1.1874104201e-01, 4.2935016945e-01, 5.0465863355e-01, -8.8192817924e-02, -1.0833575918e+00, -3.2886242396e-01, -8.1312075495e-01, 4.8403402126e-01, -2.2659028808e-01, -3.8284920346e-02, 2.3282619478e-01, -7.2701955773e-02, -5.3002739694e-01, 3.1140389004e-01, -8.2123976960e-02, 1.0610732066e+00, 6.6450976353e-01, 1.1084289125e+00, 7.9668075626e-01, 1.5437218439e-01, 1.1142607981e+00, 6.6563521965e-01, 5.0562886684e-01, 4.1687760694e-01, 1.1129079577e+00, 2.3783895229e+00, 5.5054008015e-01, -9.8928741652e-01, 1.3281734665e+00, -1.3769721499e-01, 7.5433251465e-01, 1.6621085699e+00, 2.7706231158e-01, -5.7695669657e-01, -1.6848150174e-01, -8.5238833477e-01, 1.3228983204e-02, 8.0732338397e-01, 3.6613656308e-01, -4.2194984139e-01, -2.5541368140e-01, -4.4529035308e-01, 2.7549848148e-02, 6.2055291824e-03, -3.3726656774e-01, 2.7107154984e-01, 2.6098817718e-01, 2.3417985785e-01, -5.8095550360e-01, -4.8088038783e-01, -1.1407267745e-01, 7.4763745130e-01, 6.6921139823e-01, 1.0373655457e+00, 7.9089273902e-02, 2.4895242687e-03, 6.6915901780e-01, 3.2680810791e-01, -6.0763608328e-02, 5.9648861646e-01, 7.2465205712e-01, 1.0449619469e+00, -8.0189240567e-02, -1.4240554430e+00, 6.2113585715e-01, -1.0525061871e-01, 9.3645932331e-01, 8.4858196156e-01, 1.3067622536e+00, 2.7114000571e-01, -3.7802589031e-01, -8.3276900380e-01, -1.4074448984e+00, 1.1882689308e+00, 7.8969433891e-02, 7.9809558991e-01, 7.1277887804e-01, -1.1171949206e+00, 1.1316941749e+00, 3.8310354680e-01, 6.4881256014e-01, 7.5944099003e-01, 9.4049453964e-02, 6.6283950594e-01, -9.3977206063e-02, 7.5528932771e-01, 3.3679178056e-01, 1.4643844613e+00, -3.9296888902e-01, 2.4715826298e-01, 1.7907042487e-01, -6.3778747821e-01, 3.4926012091e-01, 5.1732294519e-01, -1.2195247674e-01, -1.9432237275e-01, -2.8427676266e-01, 6.3850475504e-02, -7.8010477481e-01, -5.7679881415e-01, 9.2308356899e-01, -1.5287837456e+00, -4.4440833159e-02, -1.0384681994e-01, 5.1225144651e-02, -2.7706895557e-01, 2.7375752799e-01, -5.5744314765e-01, 1.3286517427e+00, 4.0636199947e-01, 3.1033265888e-01, -5.4524103322e-01, -1.5868310587e-01, 3.4667156364e-02, 1.2690201491e+00, -7.7236897079e-01, 8.6564221551e-02, 2.8922673090e-01, -1.0620645924e+00, 4.3726242506e-01, -4.1607301596e-01, 7.9822315997e-02, 6.1628649333e-01, -1.9835679128e-01, 4.1447606288e-01, 2.0676266031e-01, 2.4473139453e-01, -8.7143201381e-01, 2.7978609039e-01, 1.1157806074e+00, 5.9039424798e-01, -4.2084172141e-01, 1.0603824500e-01, -1.3962094426e-01, 3.6280583555e-01, -8.6930513346e-02, 1.6207077094e+00, -1.8925453093e+00, -5.5295304673e-01, -7.0264365444e-01, 6.9417320811e-01, 6.4082486571e-01, 1.0206897900e+00, -2.8588652751e-01, 4.4717852240e-01, 5.2448800548e-01, 5.6413267243e-02, -6.3167627610e-01, -9.2865408784e-01, -1.2401679639e+00, 3.9202837657e-01, -1.7066924880e-01, -4.1832384657e-01, -1.9106101580e-01, -1.0512775163e+00, -1.7669600930e-02, -3.4992330885e-01, -1.7730135204e-01, 9.3893791216e-02, -1.9023124121e-01, -2.0464639531e-01, 1.0528465586e+00, -3.6606932494e-01, -9.2751367736e-01, 5.5444086256e-01, 7.4318173513e-01, 6.5515291820e-01, 1.3688099595e-01, 1.3594618643e+00, 8.0903900238e-01, 4.4700501980e-01, 3.9977739537e-01, 2.0878409467e+00, -9.6264059910e-01, 1.0884906610e+00, 2.2389978245e-01, 2.2406019991e-01, 1.5542718564e-01, 1.6185009226e+00, 4.9043255327e-01, -2.1659595743e-01, 3.7814366112e-01, -2.2221744057e-03, -3.5165147799e-01, -6.0563477670e-01, -6.7974151681e-01, -2.9107365793e-01, 2.2926529291e-01, 1.2551794993e-02, 2.8223684845e-01, 9.7684601701e-03, -3.6761864302e-01, 6.2916120201e-01, 3.0011176612e-01, -1.0684676406e+00, -4.1837274565e-02, 1.0594657834e-02, 8.8987528279e-01, 7.1206950557e-01, -9.1374147503e-01, 1.2458643740e+00, -1.2339874067e-01, 9.5898090042e-01, 3.5993255162e-01, 1.0064693472e+00, 1.6532513551e+00, 2.8903419372e-01, -1.7205965965e+00, 1.6514868964e+00, -9.7558264780e-01, 1.1774026154e+00, 1.9248938881e+00, 6.6429046893e-01, -6.7539547204e-01, 4.0414596564e-01, -7.3797502610e-01, 6.6896822911e-01, 7.5010037621e-01, 1.7566323945e-01, 6.6394506739e-01, 8.7864435732e-01, -1.9916072354e-01, 2.0424280606e-01, 2.8788344649e-01, -1.3908477845e-01, 8.4793185613e-01, 3.2511912988e-01, 2.1691346203e-01, 1.1397605380e-01, -5.6288446634e-01, -5.4681158410e-01, 9.3574134360e-02, -1.8329024654e-01, -7.6470200113e-02, 2.7466367273e-01, -7.1085570082e-01, 1.0593981452e+00, -4.6973797630e-01, 4.1806937222e-01, -5.8620437785e-01, 6.9739188142e-01, 3.6821381716e-01, -1.8339309762e-01, -1.3585037132e+00, 4.5442752960e-01, -5.1643598265e-01, 7.6530358421e-01, 3.9361895025e-01, 4.1319953387e-01, 3.6244504845e-01, 1.0230670958e+00, -1.6252964479e+00, -1.7256528359e+00, 1.8979792441e+00, 5.4226511949e-01, 1.7136826173e-01, 1.2549211080e-01, -2.2207228879e-01, 3.4666812910e-01, 1.4759085457e-01, -3.5263884337e-01, 1.1354329151e+00, 4.4451116490e-02, 2.5876584570e-01, -3.2569485511e-01, 7.2359127847e-02, 3.0708335153e-01, 5.0309180401e-01, -3.7797485848e-01, -8.3900153525e-01, 1.8510686171e-01, -1.1722677270e+00, -5.6260736165e-02, -1.7861728013e-01, 3.3188525961e-01, -8.0200169563e-01, -5.5671641540e-01, 2.6667645683e-01, -4.2394685611e-01, -7.2755692878e-01, 6.1726894569e-01, -6.6278231881e-01, -3.4849700039e-01, 2.4314617351e-01, 4.9343279972e-01, -1.1974671065e-01, -4.8954935092e-01, -6.5880515245e-03, 8.3109587934e-01, 5.4730838668e-01, 3.1193145655e-01, -1.7577430303e-01, -1.3280358081e-01, -3.4517603956e-01, 1.4091854791e-01, -1.0495242178e-01, -1.4194311175e-01, 6.8685254794e-01, -1.6689620620e-01, 2.0094385667e-01, -4.7646260635e-01, -2.0195999350e-01, 9.6808563207e-01, -4.3505577660e-01, -7.0357947456e-01, 9.9372373465e-02, -2.8937002881e-01, -1.1423823798e+00, -1.5592277575e-01, -1.9461649815e-02, 1.0387943920e+00, -5.3351128996e-01, 4.5103229283e-01, 8.2825868891e-01, 6.2470972579e-01, -7.8648191669e-02, 1.0872528580e+00, -3.3154269046e-01, -4.1896713181e-01, -5.6820369496e-01, 1.6014874096e-01, 4.8725798119e-01, 3.3908121164e-01, -2.6844697774e-01, 5.0085539907e-01, 8.1962661380e-01, 2.0015666076e-02, -1.0416773244e+00, -6.4695688593e-01, -5.1167484935e-01, 3.5392197149e-01, -5.0267309351e-01, -1.1021430662e+00, -1.1530892817e-01, -4.3981269496e-01, 7.2610908974e-01, -7.9409408229e-02, -1.0689914450e+00, 9.4919850473e-01, -2.5976060551e-01, -2.9000518165e-01, 1.9611131883e-01, 3.7547306766e-02, -3.7416961291e-03, 4.4799368149e-01, 2.1778541596e-02, -3.3804574516e-01, 3.2539009299e-01, 