%YAML:1.0
width: 48
height: 96
detector: [2.9435000000e-01,-9.8796000000e-02,-1.2952200000e-01,7.8753000000e-02,3.8752700000e-01,2.6152900000e-01,1.4593900000e-01,6.1520000000e-02,3.2869900000e-01,2.2714800000e-01,-6.6467000000e-02,-8.6723000000e-02,4.7559000000e-02,1.0671400000e-01,3.7897000000e-02,1.1146100000e-01,-2.4406000000e-02,3.0476900000e-01,2.5467600000e-01,-6.9235000000e-02,8.2566000000e-02,1.4726000000e-01,3.2696900000e-01,1.4888800000e-01,5.5270000000e-02,-8.7985000000e-02,2.6172000000e-01,1.4344200000e-01,2.6812000000e-02,2.3821200000e-01,1.9402000000e-01,5.6341000000e-02,-2.5854000000e-02,-3.4444000000e-02,-1.5663100000e-01,2.0517400000e-01,8.9008000000e-02,-1.3981100000e-01,-1.0014700000e-01,-3.7830000000e-02,-2.9230000000e-02,-5.5641000000e-02,3.3248000000e-02,-1.6512000000e-02,1.5524400000e-01,2.4731500000e-01,-1.2469400000e-01,-4.8414000000e-02,-6.2219000000e-02,1.9368300000e-01,4.5740000000e-03,5.5089000000e-02,9.3565000000e-02,1.6771200000e-01,1.6758100000e-01,1.8895000000e-02,2.1525800000e-01,1.2260900000e-01,9.0520000000e-02,-6.7219000000e-02,-4.9029000000e-02,-9.9615000000e-02,2.4180400000e-01,-9.4893000000e-02,-1.7624800000e-01,1.7270000000e-03,-1.3447300000e-01,1.0444200000e-01,5.0942000000e-02,8.1165000000e-02,7.2156000000e-02,1.2164600000e-01,2.6560000000e-03,-2.9797400000e-01,-1.3358700000e-01,-6.0121000000e-02,-9.2515000000e-02,-4.8974000000e-02,-8.4754000000e-02,-1.8011100000e-01,-3.8590000000e-02,8.6283000000e-02,-1.3463600000e-01,-1.0724900000e-01,1.3289000000e-01,1.4155600000e-01,2.4942500000e-01,1.3027300000e-01,-3.0031000000e-02,7.3212000000e-02,-8.1550000000e-03,1.9931000000e-02,7.1688000000e-02,3.0000000000e-04,-1.9525000000e-02,-2.1725000000e-02,-4.0993000000e-02,-8.6841000000e-02,7.0124000000e-02,2.4003300000e-01,2.6535000000e-01,4.3208000000e-02,1.6675400000e-01,9.1453000000e-02,6.0916000000e-02,-3.6972000000e-02,-9.1043000000e-02,7.9873000000e-02,2.1978100000e-01,1.5810200000e-01,-1.4061800000e-01,-4.3016000000e-02,1.2480200000e-01,9.3668000000e-02,1.0320800000e-01,9.4872000000e-02,8.0541000000e-02,1.3771100000e-01,1.6056600000e-01,-1.6923100000e-01,1.3983000000e-02,3.0950800000e-01,-4.2170000000e-03,-5.7200000000e-02,-6.4489000000e-02,1.4066000000e-02,3.6100900000e-01,2.5132800000e-01,-8.0983000000e-02,-4.4183000000e-02,6.1436000000e-02,-3.7381000000e-02,-7.8786000000e-02,3.0993000000e-02,6.6314000000e-02,3.7683000000e-02,1.5232500000e-01,-9.1683000000e-02,7.0203000000e-02,2.1785600000e-01,3.6435000000e-02,-7.6462000000e-02,6.2540000000e-03,-9.4431000000e-02,1.5482900000e-01,-2.3038000000e-02,-1.9696100000e-01,-2.4594000000e-02,1.7846500000e-01,-5.0139000000e-02,-4.5932000000e-02,-9.6500000000e-04,1.0911200000e-01,4.6165000000e-02,-1.5937300000e-01,-8.7130000000e-03,4.1307000000e-02,9.7129000000e-02,-5.7211000000e-02,-6.4599000000e-02,7.7165000000e-02,1.7616700000e-01,1.3832200000e-01,6.5753000000e-02,-1.0495000000e-01,1.7933000000e-02,1.3625500000e-01,-1.1598000000e-02,4.7007000000e-02,8.0550000000e-02,6.8619000000e-02,8.4661000000e-02,-3.5493000000e-02,-9.1314000000e-02,-4.1411000000e-02,6.0971000000e-02,-1.0191200000e-01,-7.9870000000e-02,-8.5977000000e-02,-2.2686000000e-02,7.9788000000e-02,-9.8064000000e-02,-5.4603000000e-02,4.0383000000e-02,3.0079400000e-01,1.2860300000e-01,9.4844000000e-02,4.7407000000e-02,1.0182500000e-01,6.1832000000e-02,-1.6216000000e-01,-2.0455300000e-01,-3.5165000000e-02,1.0145000000e-01,-1.6641000000e-02,-2.7140000000e-02,-1.3439200000e-01,-8.7430000000e-03,1.0233100000e-01,1.1485300000e-01,9.6440000000e-03,6.2823000000e-02,2.3733900000e-01,1.6784300000e-01,5.3066000000e-02,-1.2592000000e-02,4.3158000000e-02,2.3050000000e-03,6.5001000000e-02,-3.8929000000e-02,-2.0356000000e-02,1.5234300000e-01,4.3469000000e-02,-2.9967000000e-02,-4.2948000000e-02,3.2481000000e-02,6.8488000000e-02,-1.1084000000e-01,-1.1108300000e-01,1.1198000000e-01,-2.0720000000e-03,-5.5620000000e-03,8.2926000000e-02,6.6350000000e-03,-1.0815300000e-01,2.4242000000e-02,-8.6464000000e-02,-1.8988400000e-01,-1.7492000000e-02,1.9145600000e-01,-7.6830000000e-03,-1.2876900000e-01,-3.8017000000e-02,-1.3238000000e-01,9.1926000000e-02,7.9696000000e-02,-1.0672800000e-01,-7.6560000000e-03,1.7274400000e-01,1.1576000000e-02,9.8830000000e-03,8.3258000000e-02,-2.6516000000e-02,1.4553400000e-01,1.5392400000e-01,-1.3029000000e-01,-1.0894500000e-01,1.2449000000e-01,-3.1860000000e-03,-1.0048500000e-01,1.5024000000e-02,-6.0512000000e-02,2.6288000000e-02,-8.6713000000e-02,-1.6901200000e-01,7.6517000000e-02,2.1577800000e-01,4.3701000000e-02,-1.3164200000e-01,-1.2585000000e-02,-4.5181000000e-02,-1.1818300000e-01,-2.4154400000e-01,-1.6729300000e-01,-2.0107000000e-02,-1.9917000000e-02,-1.0182700000e-01,-1.0709600000e-01,-1.0503000000e-02,4.4938000000e-02,1.8968000000e-01,2.1711900000e-01,-4.6086000000e-02,4.4508000000e-02,1.9971600000e-01,-3.6004000000e-02,-1.4892700000e-01,1.3355000000e-02,-7.8279000000e-02,3.0451000000e-02,5.6301000000e-02,-2.4609000000e-02,8.3224000000e-02,9.9533000000e-02,-3.9432000000e-02,-1.3888000000e-01,5.4820000000e-03,-2.4120000000e-02,-1.4046800000e-01,-6.6381000000e-02,-1.7057000000e-02,9.2600000000e-03,-5.8004000000e-02,-2.8486000000e-02,-6.1610000000e-02,7.4830000000e-03,-1.5830900000e-01,-1.5068700000e-01,-4.4595000000e-02,-1.0512100000e-01,-4.5763000000e-02,-6.6180000000e-03,-2.4419000000e-02,-1.1771300000e-01,-1.1936600000e-01,-1.7594100000e-01,-7.1542000000e-02,1.1902700000e-01,1.1136200000e-01,4.3080000000e-02,3.4889000000e-02,9.3003000000e-02,7.8420000000e-03,5.7368000000e-02,-1.0883400000e-01,-7.9968000000e-02,2.3095900000e-01,2.0205000000e-02,1.1470000000e-02,9.8877000000e-02,1.0131000000e-01,-3.0215000000e-02,-1.8018000000e-02,-5.9552000000e-02,-1.0615700000e-01,2.1866000000e-02,-3.6471000000e-02,8.0051000000e-02,4.1165000000e-02,-8.2101000000e-02,1.1772600000e-01,3.0961000000e-02,-5.4763000000e-02,-8.4102000000e-02,-1.8577800000e-01,-6.1305000000e-02,-3.8089000000e-02,-1.1072800000e-01,-2.6401000000e-01,7.6675000000e-02,-7.7111000000e-02,-1.3764400000e-01,3.6232000000e-02,2.7799500000e-01,1.9116000000e-02,1.0773800000e-01,1.4400300000e-01,8.0304000000e-02,2.1503600000e-01,2.2889700000e-01,7.2713000000e-02,7.7773000000e-02,1.2016800000e-01,7.5324000000e-02,6.2730000000e-02,1.2247800000e-01,-4.9008000000e-02,1.6491200000e-01,1.6245000000e-01,4.1246000000e-02,9.8910000000e-03,-9.7827000000e-02,-3.8700000000e-02,-2.3027000000e-02,-1.2002000000e-01,2.0336400000e-01,2.4847400000e-01,1.4981000000e-01,-3.6276000000e-02,-8.2814000000e-02,-9.0343000000e-02,-2.7143000000e-02,-7.5689000000e-02,-3.2031000000e-01,-5.0000000000e-04,-1.4333400000e-01,-6.5077000000e-02,-1.8693600000e-01,1.2937200000e-01,1.1643100000e-01,1.8169900000e-01,1.7043600000e-01,4.1885400000e-01,4.6004500000e-01,3.3371900000e-01,2.3051500000e-01,4.7822000000e-02,-4.4954000000e-02,-6.8086000000e-02,1.4017900000e-01,-4.4821000000e-02,8.5550000000e-02,9.2483000000e-02,-1.0729600000e-01,-1.3067000000e-01,-2.0662900000e-01,1.1460100000e-01,-3.1786900000e-01,-7.6663000000e-02,3.8680000000e-02,2.1275300000e-01,-1.6059000000e-02,-1.2652600000e-01,-1.6360200000e-01,2.1015400000e-01,9.9887000000e-02,-1.2636600000e-01,1.1845300000e-01,1.9309000000e-02,-2.1611000000e-02,-9.6499000000e-02,-1.1180900000e-01,-2.0048900000e-01,1.4285400000e-01,2.2884000000e-01,-3.5334600000e-01,-1.7915100000e-01,1.1683400000e-01,2.5238900000e-01,-3.1728000000e-02,-1.8813500000e-01,-1.5899800000e-01,3.8652300000e-01,1.2231500000e-01,2.0994400000e-01,3.9402300000e-01,3.5903000000e-01,2.6071700000e-01,1.7033500000e-01,1.3683000000e-02,-1.4259600000e-01,-2.6138000000e-02,-1.1878000000e-02,-1.5051900000e-01,4.7159000000e-02,-1.0706200000e-01,-1.4734700000e-01,-1.8768900000e-01,-1.8602700000e-01,-2.0804800000e-01,5.8468000000e-02,-7.3026000000e-02,-2.3655600000e-01,-7.9788000000e-02,-1.4621600000e-01,-5.8563000000e-02,-1.0136100000e-01,-7.1294000000e-02,-7.1093000000e-02,1.1691900000e-01,2.3430400000e-01,3.0678100000e-01,3.2186600000e-01,2.4000000000e-01,7.3261000000e-02,