%YAML:1.0
width: 64
height: 128
detector: [5.3593860000e-02,-1.4721455000e-01,-5.5321700000e-02,5.0773070000e-02,1.1547081000e-01,-4.2688040000e-02,4.6358340000e-02,-5.4681990000e-02,8.2320840000e-02,1.0424068000e-01,-2.2945180000e-02,1.1085190000e-02,1.3786930000e-02,1.1193510000e-01,1.2684180000e-02,8.5283460000e-02,-6.3092390000e-02,1.3054633000e-01,8.1007290000e-02,-5.2097390000e-02,-4.3155290000e-02,9.3413840000e-02,1.1035026000e-01,-7.5962180000e-02,-5.5175110000e-02,-4.4652960000e-02,2.9473340000e-02,4.5555360000e-02,-3.5595449200e-03,7.8189560000e-02,7.7309910000e-02,7.8907150000e-02,6.2228930000e-02,9.0013800000e-02,-3.5743810000e-02,3.4143270000e-02,5.6772580000e-02,-4.7735810000e-02,3.7466370000e-02,-3.5211750000e-02,6.9554400000e-02,-3.8490380000e-02,1.0522930000e-02,1.7361120000e-02,1.0867710000e-01,8.7488530000e-02,3.2973962400e-03,1.0907028000e-01,7.9137580000e-02,1.0393070000e-01,2.0918670000e-02,1.1594022000e-01,1.3182420000e-01,9.8793540000e-02,5.3627100000e-02,-6.7453910000e-02,-7.0126075300e-03,5.2470215600e-03,3.2362550000e-02,1.4079160000e-02,2.2079830000e-02,2.5373220000e-02,4.5479480000e-02,7.2007560000e-02,3.1298940000e-02,-6.2744680000e-02,2.1070140000e-02,6.0352080000e-02,8.6362360000e-02,4.5316410300e-03,2.1933630000e-02,2.3098010000e-02,5.5681660000e-02,-2.6450930000e-02,4.4486950000e-02,2.8375190000e-02,8.9756940000e-02,4.4615160000e-02,8.9753550000e-02,7.5143910000e-02,2.3069820000e-02,1.0410084000e-01,6.3683850000e-02,5.9434640000e-02,4.5842058000e-03,5.2203370000e-02,6.6758510000e-02,8.3585690000e-02,6.7121010000e-02,6.5590040000e-02,-3.9304820000e-02,-9.1593666000e-03,-5.8979150000e-02,2.8164530000e-02,5.0323480000e-02,6.7806710000e-02,3.3776500000e-02,-6.0941703900e-04,-1.7951460000e-02,-3.0836840000e-02,-1.3024750000e-02,-2.9723130000e-02,7.8870672700e-03,-3.5259610000e-02,-2.5039773900e-03,5.2450840000e-02,1.1791293000e-01,-2.1674980000e-02,5.2993320000e-02,6.6405240000e-02,5.1902650000e-02,-8.2731656700e-03,3.0331270000e-02,5.8421730000e-02,-4.0105031800e-03,-6.2510594700e-03,5.8629580000e-02,-2.4654610000e-02,5.5467810000e-02,-8.2281950000e-02,-7.2340280000e-02,4.6405400000e-02,-1.3082540000e-02,-2.5061910000e-02,3.1007460000e-02,-4.6656510000e-02,-4.5914860000e-02,2.9499270000e-02,6.0354620000e-02,2.2446460000e-02,-1.6986390000e-02,1.0400410000e-02,1.1311700000e-02,5.4195790000e-02,-2.1302770000e-02,-4.3217220000e-02,-3.6651980000e-02,1.1264900000e-02,-2.6064880000e-02,-2.2283280000e-02,-2.2556800000e-02,-3.4272360000e-02,-7.7516520400e-03,-6.1952290000e-02,8.2163829400e-03,9.5359750000e-02,-3.7099790000e-02,-6.9425010000e-02,1.4579427000e-01,-5.4481920000e-02,-2.0559040000e-02,5.7473570000e-02,2.7817880000e-02,-7.0775770000e-02,-5.1783140000e-02,-1.0429011000e-01,-1.1235505000e-01,7.5290390000e-02,-7.5593020000e-02,-8.7867390000e-02,2.9838430000e-02,2.6675850000e-02,1.3821990000e-02,-1.7974960000e-02,-3.1411990000e-02,-2.0981010000e-02,9.0292040000e-02,4.9550180000e-02,1.3718739000e-01,1.1379953000e-01,1.8001912400e-03,-4.5776100000e-02,-1.1110848300e-03,-9.4705360000e-02,-1.1596080000e-01,4.4893420000e-02,1.7842110000e-02,3.0685067200e-03,1.0781866000e-01,3.3649841800e-03,-1.0842580000e-01,-7.4368390000e-02,-1.0535070000e-01,-1.8668050000e-02,1.6057891000e-01,-5.0731636600e-03,-4.2956580000e-02,-5.9048878000e-03,8.8200354900e-03,-1.4926460000e-02,-5.0292790000e-02,-1.2875880000e-01,8.7883195400e-04,-1.2971840000e-02,-7.5927740000e-02,-2.6688310000e-02,-6.9378741300e-04,2.4066980000e-02,-1.7732980000e-02,-3.8557450000e-02,-5.8778560000e-02,3.2596950000e-02,1.2826584000e-01,6.2925900000e-02,-4.1073393100e-03,1.0996531000e-01,1.3329910000e-02,2.0887350000e-02,4.0375040000e-02,-5.2107600000e-02,7.7600460000e-02,6.3993470000e-02,-5.7519300000e-02,-1.0053057000e-01,7.5050230000e-02,-2.1397820000e-02,1.7961760000e-02,2.3440087700e-03,-4.2083190000e-02,7.3550550000e-02,5.0933500000e-02,-2.9967800000e-02,-2.2190720000e-02,3.3553300000e-02,4.4187420000e-02,-5.5807050000e-02,-5.0375730000e-02,-4.5481790000e-02,1.3795140000e-02,2.1506710000e-02,-2.1942110000e-02,-1.3682702000e-01,5.4649720000e-02,1.6080820000e-02,5.3091160000e-02,4.7010220000e-02,1.3369040100e-03,7.5756640000e-02,9.6253060000e-02,8.9264763500e-03,-2.8191230000e-02,1.0866830000e-01,-3.4393250000e-02,-7.0923710000e-02,-6.0047800000e-02,-2.7122980000e-02,-7.0746736600e-03,-1.6370200000e-02,1.3367900000e-02,-1.0313606000e-01,4.9065820000e-02,-5.7324450000e-02,-2.7310790000e-02,1.0422350000e-02,-8.3406680000e-02,3.6865010000e-02,6.1083400000e-02,1.3227480000e-02,-7.8095290000e-02,3.7747240000e-02,-3.4132480000e-02,-6.0965250000e-02,-4.2121240000e-02,-7.9821760000e-02,-1.2597322900e-03,-3.0455010000e-02,-1.2364930000e-02,-6.3123950000e-02,4.7895700000e-02,-4.6020660000e-02,8.5765700000e-02,2.5210800000e-02,2.9880980000e-02,1.0314583000e-01,7.0600350000e-02,4.5205440000e-02,-4.4266540000e-02,1.3146530000e-01,8.3864900000e-02,2.1645900000e-02,-2.1228024300e-03,-3.6863530000e-02,-2.0749440000e-02,-3.8299590000e-02,-1.5305960000e-02,2.6897080000e-02,1.1867401000e-01,-6.0434700000e-02,-2.7850230000e-02,-4.7750740000e-02,4.8787450000e-02,6.3509560000e-02,3.4947880000e-02,1.4674000000e-02,1.1789018800e-03,4.3796140000e-02,2.0368185400e-03,-3.9586090000e-02,-1.0726880000e-02,6.4370571600e-03,2.9965000000e-02,-3.4185070000e-02,-1.9603070000e-02,-1.2191540000e-02,-4.3700044000e-03,-2.5494530000e-02,2.6463180000e-02,-1.6325130000e-02,6.4651696000e-03,-1.9297340000e-02,4.7871191100e-03,4.9623710000e-02,3.8091110000e-02,7.2657240000e-02,5.7581250000e-02,-3.7415540000e-02,1.6486080000e-02,-8.4528559800e-03,3.9968260000e-02,-8.1854770000e-02,2.6388750000e-02,-4.0266150000e-02,-2.7446740000e-02,-4.0715170000e-02,1.0509633000e-03,-4.7412320000e-02,-6.7331720000e-02,8.7043494000e-03,-2.1925430000e-02,1.3535074000e-03,-3.0569740000e-02,-2.9755210000e-02,-2.8877800000e-02,-1.2107130000e-02,-4.8285260000e-02,-9.0662510000e-02,-9.9696290000e-02,-3.6651640000e-02,-8.8811194300e-04,-6.8266690000e-02,-1.8661500000e-02,-3.6276400000e-02,-1.4082880000e-02,1.8742390000e-02,-2.0758350000e-02,9.1451750000e-02,-3.5472910000e-02,5.3967800000e-02,4.1989810000e-02,1.3019250000e-02,-3.3843540000e-02,-1.2201976000e-01,6.8309200000e-02,-3.7156540000e-02,9.5584821000e-03,5.0568557300e-03,5.6592940000e-02,3.9076446600e-03,2.8084900000e-02,-5.5180970000e-02,-3.7116210000e-02,-2.8355650000e-02,-4.4204640000e-02,-1.0319470000e-02,1.8834660000e-02,-8.4952544400e-03,-9.4192500000e-02,-1.2693870000e-02,-2.1333710000e-02,-1.0190815000e-01,-7.8444300000e-02,2.4364432300e-03,-4.0961015000e-03,1.2025510000e-02,-6.4522910000e-02,-1.0593818000e-01,-2.4647460000e-02,-2.1996990000e-02,-7.4019300000e-02,7.2858860000e-02,8.8751380100e-04,9.9766207900e-03,8.4677971900e-03,3.7303330000e-02,-2.9051260000e-02,3.5733370000e-02,-4.3936890000e-02,-1.2014472000e-01,3.1765540000e-02,-2.7601581500e-03,1.0824566000e-01,5.0907320000e-02,-3.3017927800e-03,-5.1238220000e-02,5.0478479800e-03,-5.6641240000e-02,-5.9941592600e-03,-5.3419010000e-02,-1.2213930000e-02,1.2913180000e-02,9.9176066000e-03,-7.5698755700e-03,-6.1931240000e-02,-2.2454913700e-03,1.9875620000e-02,-2.0188400000e-02,-6.9755400000e-02,-6.6015230000e-02,-3.3491120000e-02,-8.9101180000e-02,-3.3714350000e-02,-7.4068930000e-02,-2.2480470000e-02,-6.1599510000e-02,2.7775154400e-03,-5.7233370000e-02,-4.7924680000e-02,7.5185480000e-02,2.7727922400e-03,4.2119380000e-02,3.1005020000e-02,5.2784480000e-02,3.9546790000e-02,-3.0068460000e-02,-3.8517410000e-02,-2.7924030000e-02,-2.8753330000e-02,1.5312800000e-02,2.1869530000e-02,-1.9898290000e-02,2.5067946400e-03,-1.0258728000e-01,-4.7857430000e-02,-2.8872160000e-02,3.8506346800e-03,1.1122360000e-02,8.2921888700e-03,-4.8229810000e-02,-4.5035970000e-02,-3.7131000000e-02,-6.9880080000e-02,-1.1002295000e-01,-2.6920922100e-03,1.8538367000e-03,-5.9210490000e-02,-6.1050530000e-02,-8.4580500000e-02,-4.5276020000e-02,8.9032930600e-04,-5.8750230000e-02,-2.6860288300e-03,-1.5911950000e-02,3.6318590000e-02,5.4931660000e-02,